410
223
214
179
460
191
456
54
206
14
276
474
480
11
158
179
115
341
183
334
286
145
32
64
30
178
205
401
299
191
454
392
67
320
407
400
146
298
258
217
477
52
217
429
289
432
54
493
303
156
40
41
447
484
145
383
45
306
274
224
232
357
467
268
446
473
326
16
496
393
56
474
265
212
352
194
471
143
476
239
230
445
275
36
212
252
33
270
447
266
459
382
140
374
489
115
451
81
344
474
404
187
250
88
26
350
125
440
207
152
247
467
349
330
110
366
318
469
383
321
78
189
69
181
266
444
452
405
86
117
301
216
322
229
388
454
208
162
373
467
230
87
207
334
381
204
12
48
203
291
295
430
456
177
403
401
482
151
490
496
486
401
170
327
268
163
347
313
306
89
277
282
378
20
432
208
148
159
341
451
0
387
17
259
281
197
200
206
446
188
275
283
210
231
205
312
497
252
223
306
124
387
75
335
300
179
225
460
394
349
110
164
124
245
357
99
368
36
309
101
152
442
473
427
258
373
188
223
146
422
57
74
417
18
164
397
419
463
475
127
337
134
152
77
389
405
458
168
367
379
365
53
428
223
261
116
254
286
370
149
433
305
245
380
360
159
391
24
489
453
228
81
438
203
52
3
242
396
254
421
264
146
491
199
301
127
463
477
145
215
473
479
279
58
425
436
183
89
26
415
232
477
409
67
403
3
283
295
303
401
85
108
456
3
149
470
42
269
418
459
84
314
56
413
375
200
295
7
233
133
103
80
189
71
446
120
101
303
388
69
365
365
198
293
494
5
289
161
437
263
50
146
204
313
195
96
204
329
29
340
211
55
435
307
14
89
249
128
186
124
233
45
255
45
385
38
414
89
194
477
235
429
394
26
371
414
234
412
373
282
387
377
161
183
343
186
476
18
209
193
225
358
434
456
112
291
170
310
389
482
426
318
46
21
312
110
244
325
206
160
167
257
227
218
350
62
143
368
213
246
474
403
133
300
60
5
66
190
72
173
180
275
252
225
1
335
445
366
374
111
152
231
405
374
204
375
435
106
119
178
326
451
29
376
464
10
338
267
297
379
491
124
75
188
377
158
371
382
312
299
499
309
130
481
384
388
172
429
45
409
295
478
333
353
45
407
465
128
118
124
